Rotation of Cam2:
0.999999673286387	5.83178657403300e-05	-0.000806241989714944
-5.79488743626485e-05	0.999999893583611	0.000457684056516930
0.000806268595074942	-0.000457637186169550	0.999999570249487

Translation of Cam2:
-0.0501247669728152	-0.000000769495696662680	-0.0000256865790331404


T_CAM1_CAM2:
[[0.999999673286387	5.83178657403300e-05	-0.000806241989714944    -0.0501247669728152]
[-5.79488743626485e-05	0.999999893583611	0.000457684056516930     -0.000000769495696662680]
[0.000806268595074942	-0.000457637186169550	0.999999570249487     -0.0000256865790331404]
[0                        0                      0                      1]]


T_CAM2_CAM1:
0.999999673286387	-5.79488743626524e-05	0.000806268595074942	0.0501247712620621
5.83178657403261e-05	0.999999893583610	-0.000457637186169550	0.00000368090991161045
-0.000806241989714944	0.000457684056516929	0.999999570249487	-0.0000147257716779286
0                      	0	                    0	                 1