Rotation of Cam2:
0.999999689455847	0.000129226161167412	0.000777424471594297
-0.000128915315862556	0.999999911739729	-0.000399876701311386
-0.000777476077509653	0.000399776355210701	0.999999617854834

Translation of Cam2:
-0.0500906077866548	-0.0000412256665837153	-0.000154293740987356

T_CAM1_CAM2:
[[0.999999689455847	0.000129226161167412	0.000777424471594297   -0.0500906077866548]
[-0.000128915315862556	0.999999911739729	-0.000399876701311386   -0.0000412256665837153]
[-0.000777476077509653	0.000399776355210701	0.999999617854834   -0.000154293740987356]
[0                       0                       0                    1]]


T_CAM2_CAM1:
[0.999999689455847	-0.000128915315862554	-0.000777476077509653	0.0500904669569971
0.000129226161167414	0.999999911739728	0.000399776355210700	0.0000477603628893425
0.000777424471594297	-0.000399876701311387	0.999999617854835	0.000193218861131563
0                     	 0	                    0	                1]